Alignment: 65-60alignment
Total positions: 242

Shannon Entropy Method:
Conserved positions (>= 0.8): 103
1, 2, 3, 17, 20, 21, 39, 45, 49, 67, 70, 72, 73, 74, 75, 76, 77, 78, 79, 82, 83, 85, 86, 87, 88, 89, 90, 92, 94, 97, 102, 103, 106, 108, 109, 114, 115, 116, 117, 118, 119, 120, 121, 122, 125, 126, 127, 128, 130, 131, 132, 133, 134, 135, 138, 139, 140, 141, 142, 144, 145, 146, 147, 148, 151, 158, 159, 162, 172, 173, 178, 181, 182, 184, 186, 187, 189, 191, 193, 196, 197, 198, 200, 201, 202, 203, 204, 206, 207, 209, 210, 211, 212, 214, 215, 218, 221, 224, 227, 229, 240, 241, 242

PSSM Method:
Conserved positions (>= 0.8): 205
1, 2, 3, 4, 6, 7, 8, 9, 10, 11, 12, 13, 14, 15, 17, 18, 19, 20, 21, 22, 23, 25, 26, 27, 28, 29, 30, 31, 32, 33, 34, 35, 36, 37, 38, 39, 40, 41, 42, 43, 44, 45, 46, 47, 48, 49, 50, 51, 52, 53, 54, 55, 56, 57, 58, 59, 60, 63, 64, 65, 66, 67, 68, 70, 71, 72, 73, 74, 75, 76, 77, 78, 79, 82, 83, 84, 85, 86, 87, 88, 89, 90, 91, 92, 93, 94, 95, 96, 97, 98, 100, 102, 103, 104, 105, 106, 107, 108, 109, 110, 112, 113, 114, 115, 116, 117, 118, 119, 120, 121, 122, 123, 124, 125, 126, 127, 128, 130, 131, 132, 133, 134, 135, 136, 138, 139, 140, 141, 142, 143, 144, 145, 146, 147, 148, 151, 152, 153, 155, 156, 158, 159, 162, 163, 165, 166, 167, 172, 173, 174, 175, 176, 177, 178, 179, 180, 181, 182, 184, 186, 187, 188, 189, 191, 193, 195, 196, 197, 198, 199, 200, 201, 202, 203, 204, 206, 207, 208, 209, 210, 211, 212, 213, 214, 215, 216, 217, 218, 220, 221, 223, 224, 225, 226, 227, 229, 234, 235, 236, 237, 238, 239, 240, 241, 242

Property Method:
Conserved positions (>= 0.8): 156
1, 2, 3, 4, 5, 9, 10, 16, 17, 19, 20, 21, 22, 24, 33, 34, 38, 39, 41, 43, 45, 47, 49, 50, 51, 53, 55, 56, 57, 59, 62, 63, 65, 67, 70, 72, 73, 74, 75, 76, 77, 78, 79, 80, 81, 82, 83, 85, 86, 87, 88, 89, 90, 92, 94, 95, 96, 97, 98, 99, 101, 102, 103, 104, 105, 106, 107, 108, 109, 112, 113, 114, 115, 116, 117, 118, 119, 120, 121, 122, 123, 125, 126, 127, 128, 130, 131, 132, 133, 134, 135, 136, 138, 139, 140, 141, 142, 144, 145, 146, 147, 148, 151, 152, 154, 155, 158, 159, 162, 170, 172, 173, 178, 181, 182, 184, 186, 187, 188, 189, 190, 191, 193, 194, 196, 197, 198, 200, 201, 202, 203, 204, 206, 207, 208, 209, 210, 211, 212, 213, 214, 215, 218, 221, 222, 223, 224, 225, 227, 229, 234, 236, 237, 240, 241, 242

Consensus (all methods):
Conserved positions: 103
1, 2, 3, 17, 20, 21, 39, 45, 49, 67, 70, 72, 73, 74, 75, 76, 77, 78, 79, 82, 83, 85, 86, 87, 88, 89, 90, 92, 94, 97, 102, 103, 106, 108, 109, 114, 115, 116, 117, 118, 119, 120, 121, 122, 125, 126, 127, 128, 130, 131, 132, 133, 134, 135, 138, 139, 140, 141, 142, 144, 145, 146, 147, 148, 151, 158, 159, 162, 172, 173, 178, 181, 182, 184, 186, 187, 189, 191, 193, 196, 197, 198, 200, 201, 202, 203, 204, 206, 207, 209, 210, 211, 212, 214, 215, 218, 221, 224, 227, 229, 240, 241, 242
