Alignment: 60-55alignment
Total positions: 232

Shannon Entropy Method:
Conserved positions (>= 0.8): 93
1, 2, 3, 4, 5, 28, 35, 36, 37, 38, 39, 40, 41, 42, 43, 44, 47, 48, 52, 53, 55, 56, 58, 60, 63, 68, 69, 72, 73, 74, 75, 80, 82, 83, 84, 85, 86, 87, 88, 91, 92, 97, 98, 99, 100, 101, 104, 105, 106, 107, 108, 111, 113, 114, 115, 117, 119, 122, 123, 127, 130, 148, 153, 154, 156, 158, 159, 161, 163, 165, 168, 169, 172, 173, 175, 176, 178, 179, 181, 182, 183, 184, 185, 186, 187, 188, 190, 191, 200, 203, 205, 225, 229

PSSM Method:
Conserved positions (>= 0.8): 181
1, 2, 3, 4, 5, 6, 7, 8, 9, 10, 11, 12, 13, 14, 15, 16, 17, 18, 19, 20, 21, 24, 25, 26, 27, 28, 29, 31, 32, 33, 35, 36, 37, 38, 39, 40, 41, 42, 43, 44, 45, 47, 48, 50, 51, 52, 53, 54, 55, 56, 58, 60, 61, 62, 63, 64, 67, 68, 69, 71, 72, 73, 74, 75, 76, 77, 78, 80, 81, 82, 83, 84, 85, 86, 87, 88, 89, 91, 92, 93, 94, 96, 97, 98, 99, 100, 101, 102, 103, 104, 105, 106, 107, 108, 109, 110, 111, 113, 114, 115, 117, 119, 120, 122, 123, 127, 131, 132, 134, 136, 137, 138, 142, 145, 147, 148, 149, 152, 153, 154, 156, 158, 159, 160, 161, 162, 163, 164, 165, 167, 168, 169, 170, 171, 172, 173, 174, 175, 176, 177, 178, 179, 180, 181, 182, 183, 184, 185, 186, 187, 188, 189, 190, 191, 192, 194, 195, 196, 199, 200, 202, 203, 205, 208, 209, 211, 212, 213, 215, 217, 219, 222, 224, 225, 226, 227, 228, 229, 230, 231, 232

Property Method:
Conserved positions (>= 0.8): 135
1, 2, 3, 4, 5, 6, 7, 11, 13, 14, 15, 16, 17, 18, 19, 20, 22, 23, 25, 28, 32, 35, 36, 37, 38, 39, 40, 41, 42, 43, 44, 45, 47, 48, 50, 52, 53, 55, 56, 58, 60, 61, 62, 63, 67, 68, 69, 70, 71, 72, 73, 74, 75, 78, 80, 82, 83, 84, 85, 86, 87, 88, 89, 91, 92, 97, 98, 99, 100, 101, 102, 103, 105, 106, 107, 108, 109, 110, 111, 112, 113, 114, 117, 119, 122, 123, 126, 127, 130, 142, 145, 148, 153, 154, 156, 158, 159, 160, 161, 162, 163, 165, 166, 168, 169, 170, 172, 173, 175, 176, 178, 179, 180, 181, 182, 183, 184, 185, 186, 187, 188, 189, 190, 191, 194, 198, 199, 200, 203, 205, 218, 225, 229, 230, 231

Consensus (all methods):
Conserved positions: 90
1, 2, 3, 4, 5, 28, 35, 36, 37, 38, 39, 40, 41, 42, 43, 44, 47, 48, 52, 53, 55, 56, 58, 60, 63, 68, 69, 72, 73, 74, 75, 80, 82, 83, 84, 85, 86, 87, 88, 91, 92, 97, 98, 99, 100, 101, 105, 106, 107, 108, 111, 113, 114, 117, 119, 122, 123, 127, 148, 153, 154, 156, 158, 159, 161, 163, 165, 168, 169, 172, 173, 175, 176, 178, 179, 181, 182, 183, 184, 185, 186, 187, 188, 190, 191, 200, 203, 205, 225, 229
