Conservation Pattern Categories

1. Positions that GAIN conservation at higher identity levels:
6, 7, 8, 9, 10, 11, 12, 13, 14, 15, 16, 17, 18, 19, 20, 21, 22, 23, 24, 25, 26, 27, 29, 30, 31, 32, 33, 34, 45, 46, 49, 50, 51, 54, 57, 59, 61, 62, 64, 65, 66, 67, 70, 71, 76, 77, 78, 79, 81, 89, 90, 93, 94, 95, 96, 102, 103, 109, 110, 112, 116, 118, 120, 121, 124, 125, 126, 128, 129, 131, 132, 133, 134, 135, 136, 137, 138, 139, 140, 141, 142, 143, 144, 146, 147, 149, 150, 151, 152, 155, 157, 160, 162, 164, 166, 167, 170, 171, 174, 177, 180, 189, 192, 193, 194, 195, 196, 197, 198, 199, 204, 206, 207, 208, 209, 210, 211, 212, 213, 214, 215, 216, 217, 218, 219, 220, 221, 222, 223, 224, 226, 227, 228, 230, 231, 232, 233, 234, 235, 236, 242, 243, 244

2. Positions that LOSE conservation at higher identity levels:
1, 36, 37, 105, 106, 107, 176

3. Positions with FLUCTUATING conservation patterns:


4. Positions where the conserved RESIDUE CHANGES between identity levels:
2, 3, 4, 5, 28, 35, 38, 40, 41, 42, 43, 44, 47, 48, 52, 53, 55, 56, 58, 60, 63, 68, 69, 72, 73, 74, 75, 80, 83, 84, 85, 87, 91, 92, 97, 98, 99, 100, 101, 104, 108, 111, 113, 114, 115, 117, 119, 122, 123, 127, 130, 145, 148, 153, 154, 156, 158, 159, 161, 163, 165, 168, 169, 172, 173, 175, 178, 179, 181, 182, 183, 184, 185, 186, 187, 188, 190, 191, 200, 203, 205, 225, 229, 240, 241, 245, 250

